ClassName = DirichletReg
Name = genpr.6comp
Alphabet = ExtAA
Order =  A C D E F G H I K L M N P Q R S T V W Y
AlphaChar= 20
NumDistr= 6

Number= 0
Mixture= 0.272155
Alpha= 608.507 44.1267 8.54778 34.3287 45.012 25.4885 40.1706 13.8165 37.9695 40.2287 57.0279 15.7816 24.6325 26.6716 21.0461 33.2734 39.015 31.1269 43.4722 6.95188 19.8187


Number= 1
Mixture=  0.259417
Alpha= 184.442 12.9502 3.56352 9.54209 10.7789 7.22886 11.7739 4.45173 9.25549 10.113 16.1048 4.26184 8.89566 10.1378 8.39929 9.83732 16.2176 11.391 11.4088 2.43706 5.69262

Number= 2
Mixture= 0.170403
Alpha= 368.48 17.2777 5.02666 20.633 27.1002 18.6022 16.5669 7.46735 29.459 33.201 36.5843 8.33165 23.2366 12.2568 12.8126 15.8195 26.7285 18.5344 20.7154 3.5349 14.591

Number= 3
Mixture= 0.139492
Alpha= 300.683 36.82 3.69397 16.532 17.1343 9.09368 25.9803 7.44929 11.6098 7.16141 31.5673 6.2929 6.50351 17.932 9.98346 24.4647 17.2535 16.1794 23.996 4.379 6.65627

Number= 4
Mixture= 0.0813267
Alpha= 30.4362 2.4706 0.588751 1.33572 1.65825 1.08549 2.23149 0.722458 1.4641 1.70528 2.49194 0.900071 1.33377 1.84355 1.25755 1.65407 2.63801 1.88732 1.84009 0.399507 0.92818

Number= 5
Mixture=  0.0772063
Alpha= 329.148 25.0801 4.5497 8.56496 10.2153 24.5674 21.9557 5.42381 29.6721 13.1884 43.4575 10.6261 11.4957 13.0346 8.10884 11.8077 25.3051 18.1739 25.4028 5.88753 12.6309


EndClassName = DirichletReg
